trt	ano	mes	recebidos
1	2004	1	3651
2	2004	1	6028
3	2004	1	2866
4	2004	1	2537
5	2004	1	978
6	2004	1	893
7	2004	1	316
8	2004	1	328
9	2004	1	2313
10	2004	1	846
11	2004	1	517
12	2004	1	981
13	2004	1	537
14	2004	1	119
15	2004	1	4599
16	2004	1	289
17	2004	1	829
18	2004	1	466
19	2004	1	301
20	2004	1	270
21	2004	1	164
22	2004	1	151
23	2004	1	101
24	2004	1	264
1	2004	2	3113
2	2004	2	8178
3	2004	2	3251
4	2004	2	2535
5	2004	2	1710
6	2004	2	840
7	2004	2	283
8	2004	2	613
9	2004	2	2839
10	2004	2	970
11	2004	2	428
12	2004	2	923
13	2004	2	580
14	2004	2	154
15	2004	2	4778
16	2004	2	179
17	2004	2	522
18	2004	2	597
19	2004	2	280
20	2004	2	290
21	2004	2	291
22	2004	2	242
23	2004	2	280
24	2004	2	329
1	2004	3	4748
2	2004	3	11357
3	2004	3	5901
4	2004	3	3872
5	2004	3	2959
6	2004	3	1373
7	2004	3	416
8	2004	3	894
9	2004	3	3423
10	2004	3	1271
11	2004	3	640
12	2004	3	1496
13	2004	3	644
14	2004	3	178
15	2004	3	5629
16	2004	3	300
17	2004	3	1285
18	2004	3	768
19	2004	3	414
20	2004	3	370
21	2004	3	303
22	2004	3	328
23	2004	3	449
24	2004	3	375
1	2004	4	4414
2	2004	4	8226
3	2004	4	3587
4	2004	4	3558
5	2004	4	2462
6	2004	4	1057
7	2004	4	411
8	2004	4	621
9	2004	4	2774
10	2004	4	989
11	2004	4	447
12	2004	4	1465
13	2004	4	455
14	2004	4	161
15	2004	4	5539
16	2004	4	189
17	2004	4	689
18	2004	4	650
19	2004	4	347
20	2004	4	254
21	2004	4	262
22	2004	4	296
23	2004	4	410
24	2004	4	273
1	2004	5	4118
2	2004	5	7773
3	2004	5	4984
4	2004	5	3970
5	2004	5	2302
6	2004	5	1139
7	2004	5	540
8	2004	5	803
9	2004	5	2607
10	2004	5	1081
11	2004	5	510
12	2004	5	1234
13	2004	5	670
14	2004	5	183
15	2004	5	6421
16	2004	5	473
17	2004	5	835
18	2004	5	717
19	2004	5	431
20	2004	5	280
21	2004	5	309
22	2004	5	297
23	2004	5	340
24	2004	5	379
1	2004	6	7576
2	2004	6	7623
3	2004	6	5235
4	2004	6	3251
5	2004	6	1340
6	2004	6	846
7	2004	6	348
8	2004	6	708
9	2004	6	3465
10	2004	6	1205
11	2004	6	570
12	2004	6	1244
13	2004	6	408
14	2004	6	158
15	2004	6	5330
16	2004	6	325
17	2004	6	916
18	2004	6	756
19	2004	6	231
20	2004	6	315
21	2004	6	396
22	2004	6	296
23	2004	6	228
24	2004	6	359
1	2004	7	5128
2	2004	7	8442
3	2004	7	4136
4	2004	7	3340
5	2004	7	2136
6	2004	7	1016
7	2004	7	593
8	2004	7	806
9	2004	7	2433
10	2004	7	1347
11	2004	7	744
12	2004	7	1221
13	2004	7	473
14	2004	7	187
15	2004	7	5226
16	2004	7	492
17	2004	7	948
18	2004	7	968
19	2004	7	554
20	2004	7	363
21	2004	7	413
22	2004	7	188
23	2004	7	414
24	2004	7	292
1	2004	8	6652
2	2004	8	8454
3	2004	8	5148
4	2004	8	3952
5	2004	8	2770
6	2004	8	1108
7	2004	8	456
8	2004	8	751
9	2004	8	3066
10	2004	8	1294
11	2004	8	584
12	2004	8	1504
13	2004	8	504
14	2004	8	146
15	2004	8	6145
16	2004	8	639
17	2004	8	1072
18	2004	8	816
19	2004	8	407
20	2004	8	359
21	2004	8	337
22	2004	8	134
23	2004	8	386
24	2004	8	435
1	2004	9	883
2	2004	9	9129
3	2004	9	4523
4	2004	9	4255
5	2004	9	2185
6	2004	9	2491
7	2004	9	584
8	2004	9	842
9	2004	9	2990
10	2004	9	1350
11	2004	9	597
12	2004	9	1594
13	2004	9	434
14	2004	9	194
15	2004	9	6742
16	2004	9	411
17	2004	9	861
18	2004	9	788
19	2004	9	419
20	2004	9	288
21	2004	9	318
22	2004	9	199
23	2004	9	497
24	2004	9	346
1	2004	10	8057
2	2004	10	8202
3	2004	10	3698
4	2004	10	4270
5	2004	10	2665
6	2004	10	1166
7	2004	10	301
8	2004	10	659
9	2004	10	3042
10	2004	10	1008
11	2004	10	398
12	2004	10	1369
13	2004	10	466
14	2004	10	130
15	2004	10	5797
16	2004	10	471
17	2004	10	852
18	2004	10	561
19	2004	10	422
20	2004	10	334
21	2004	10	372
22	2004	10	203
23	2004	10	375
24	2004	10	296
1	2004	11	11147
2	2004	11	6411
3	2004	11	6557
4	2004	11	3779
5	2004	11	2462
6	2004	11	1158
7	2004	11	683
8	2004	11	631
9	2004	11	2765
10	2004	11	1098
11	2004	11	700
12	2004	11	1110
13	2004	11	424
14	2004	11	146
15	2004	11	5396
16	2004	11	449
17	2004	11	948
18	2004	11	742
19	2004	11	481
20	2004	11	277
21	2004	11	341
22	2004	11	203
23	2004	11	463
24	2004	11	316
1	2004	12	4169
2	2004	12	7757
3	2004	12	2963
4	2004	12	3366
5	2004	12	1277
6	2004	12	826
7	2004	12	240
8	2004	12	558
9	2004	12	2642
10	2004	12	859
11	2004	12	275
12	2004	12	984
13	2004	12	249
14	2004	12	104
15	2004	12	3435
16	2004	12	424
17	2004	12	593
18	2004	12	542
19	2004	12	294
20	2004	12	133
21	2004	12	245
22	2004	12	83
23	2004	12	421
24	2004	12	152
1	2005	1	2489
2	2005	1	5429
3	2005	1	2002
4	2005	1	2772
5	2005	1	2145
6	2005	1	828
7	2005	1	252
8	2005	1	777
9	2005	1	1692
10	2005	1	1120
11	2005	1	523
12	2005	1	1024
13	2005	1	419
14	2005	1	133
15	2005	1	4097
16	2005	1	360
17	2005	1	521
18	2005	1	549
19	2005	1	329
20	2005	1	203
21	2005	1	221
22	2005	1	146
23	2005	1	286
24	2005	1	200
1	2005	2	4630
2	2005	2	6982
3	2005	2	3642
4	2005	2	2546
5	2005	2	1531
6	2005	2	839
7	2005	2	464
8	2005	2	566
9	2005	2	2004
10	2005	2	1058
11	2005	2	459
12	2005	2	1098
13	2005	2	422
14	2005	2	119
15	2005	2	4180
16	2005	2	377
17	2005	2	749
18	2005	2	630
19	2005	2	309
20	2005	2	265
21	2005	2	294
22	2005	2	170
23	2005	2	421
24	2005	2	345
1	2005	3	5375
2	2005	3	8879
3	2005	3	4328
4	2005	3	3655
5	2005	3	2675
6	2005	3	1264
7	2005	3	380
8	2005	3	743
9	2005	3	2500
10	2005	3	1247
11	2005	3	587
12	2005	3	1265
13	2005	3	512
14	2005	3	125
15	2005	3	5552
16	2005	3	405
17	2005	3	1020
18	2005	3	675
19	2005	3	517
20	2005	3	274
21	2005	3	466
22	2005	3	378
23	2005	3	587
24	2005	3	325
1	2005	4	5106
2	2005	4	8956
3	2005	4	4151
4	2005	4	4184
5	2005	4	3261
6	2005	4	1327
7	2005	4	607
8	2005	4	758
9	2005	4	2617
10	2005	4	1423
11	2005	4	427
12	2005	4	1485
13	2005	4	594
14	2005	4	180
15	2005	4	5177
16	2005	4	460
17	2005	4	873
18	2005	4	863
19	2005	4	374
20	2005	4	300
21	2005	4	369
22	2005	4	140
23	2005	4	668
24	2005	4	355
1	2005	5	12066
2	2005	5	9380
3	2005	5	4633
4	2005	5	4572
5	2005	5	2904
6	2005	5	1481
7	2005	5	475
8	2005	5	827
9	2005	5	3243
10	2005	5	1381
11	2005	5	579
12	2005	5	1377
13	2005	5	712
14	2005	5	202
15	2005	5	6223
16	2005	5	634
17	2005	5	900
18	2005	5	809
19	2005	5	579
20	2005	5	367
21	2005	5	656
22	2005	5	366
23	2005	5	477
24	2005	5	321
1	2005	6	4262
2	2005	6	9989
3	2005	6	4694
4	2005	6	4880
5	2005	6	2561
6	2005	6	1359
7	2005	6	750
8	2005	6	936
9	2005	6	3455
10	2005	6	1586
11	2005	6	711
12	2005	6	1788
13	2005	6	576
14	2005	6	248
15	2005	6	6366
16	2005	6	738
17	2005	6	942
18	2005	6	1127
19	2005	6	427
20	2005	6	440
21	2005	6	603
22	2005	6	451
23	2005	6	287
24	2005	6	452
1	2005	7	7782
2	2005	7	9707
3	2005	7	4535
4	2005	7	4489
5	2005	7	3011
6	2005	7	1475
7	2005	7	615
8	2005	7	706
9	2005	7	3272
10	2005	7	1552
11	2005	7	747
12	2005	7	1550
13	2005	7	571
14	2005	7	180
15	2005	7	6700
16	2005	7	769
17	2005	7	845
18	2005	7	916
19	2005	7	476
20	2005	7	336
21	2005	7	491
22	2005	7	294
23	2005	7	346
24	2005	7	294
1	2005	8	6623
2	2005	8	10016
3	2005	8	5357
4	2005	8	4361
5	2005	8	3416
6	2005	8	1809
7	2005	8	660
8	2005	8	776
9	2005	8	3656
10	2005	8	1406
11	2005	8	814
12	2005	8	1649
13	2005	8	657
14	2005	8	172
15	2005	8	5853
16	2005	8	918
17	2005	8	894
18	2005	8	913
19	2005	8	460
20	2005	8	416
21	2005	8	614
22	2005	8	459
23	2005	8	458
24	2005	8	425
1	2005	9	6794
2	2005	9	10146
3	2005	9	4974
4	2005	9	4414
5	2005	9	3036
6	2005	9	2020
7	2005	9	601
8	2005	9	959
9	2005	9	2982
10	2005	9	1357
11	2005	9	780
12	2005	9	1473
13	2005	9	566
14	2005	9	212
15	2005	9	5379
16	2005	9	821
17	2005	9	828
18	2005	9	937
19	2005	9	496
20	2005	9	371
21	2005	9	707
22	2005	9	513
23	2005	9	422
24	2005	9	489
1	2005	10	5303
2	2005	10	8777
3	2005	10	4285
4	2005	10	3943
5	2005	10	1363
6	2005	10	1478
7	2005	10	876
8	2005	10	928
9	2005	10	3300
10	2005	10	1153
11	2005	10	624
12	2005	10	1409
13	2005	10	380
14	2005	10	156
15	2005	10	5314
16	2005	10	726
17	2005	10	1054
18	2005	10	774
19	2005	10	517
20	2005	10	263
21	2005	10	545
22	2005	10	448
23	2005	10	398
24	2005	10	296
1	2005	11	6685
2	2005	11	9037
3	2005	11	4451
4	2005	11	3232
5	2005	11	2592
6	2005	11	1094
7	2005	11	656
8	2005	11	912
9	2005	11	2969
10	2005	11	938
11	2005	11	707
12	2005	11	1280
13	2005	11	669
14	2005	11	294
15	2005	11	6102
16	2005	11	837
17	2005	11	905
18	2005	11	771
19	2005	11	457
20	2005	11	284
21	2005	11	495
22	2005	11	507
23	2005	11	463
24	2005	11	345
1	2005	12	3420
2	2005	12	6048
3	2005	12	3313
4	2005	12	3362
5	2005	12	803
6	2005	12	1077
7	2005	12	336
8	2005	12	533
9	2005	12	1640
10	2005	12	790
11	2005	12	262
12	2005	12	1008
13	2005	12	350
14	2005	12	107
15	2005	12	3453
16	2005	12	367
17	2005	12	633
18	2005	12	498
19	2005	12	234
20	2005	12	221
21	2005	12	406
22	2005	12	225
23	2005	12	254
24	2005	12	260
1	2006	1	3543
2	2006	1	6537
3	2006	1	2756
4	2006	1	2652
5	2006	1	2115
6	2006	1	1270
7	2006	1	538
8	2006	1	738
9	2006	1	2042
10	2006	1	697
11	2006	1	607
12	2006	1	1110
13	2006	1	465
14	2006	1	144
15	2006	1	4555
16	2006	1	456
17	2006	1	873
18	2006	1	623
19	2006	1	556
20	2006	1	281
21	2006	1	251
22	2006	1	413
23	2006	1	393
24	2006	1	207
1	2006	2	5485
2	2006	2	8436
3	2006	2	4454
4	2006	2	3084
5	2006	2	2180
6	2006	2	1294
7	2006	2	823
8	2006	2	744
9	2006	2	2893
10	2006	2	1018
11	2006	2	751
12	2006	2	1296
13	2006	2	460
14	2006	2	106
15	2006	2	4449
16	2006	2	727
17	2006	2	988
18	2006	2	602
19	2006	2	395
20	2006	2	318
21	2006	2	519
22	2006	2	476
23	2006	2	363
24	2006	2	290
1	2006	3	913
2	2006	3	9820
3	2006	3	5472
4	2006	3	4834
5	2006	3	2963
6	2006	3	1659
7	2006	3	507
8	2006	3	1001
9	2006	3	3371
10	2006	3	1268
11	2006	3	910
12	2006	3	1611
13	2006	3	717
14	2006	3	185
15	2006	3	5922
16	2006	3	758
17	2006	3	1098
18	2006	3	1027
19	2006	3	429
20	2006	3	329
21	2006	3	519
22	2006	3	518
23	2006	3	536
24	2006	3	487
1	2006	4	5964
2	2006	4	7848
3	2006	4	3952
4	2006	4	3710
5	2006	4	2355
6	2006	4	952
7	2006	4	321
8	2006	4	700
9	2006	4	2508
10	2006	4	919
11	2006	4	685
12	2006	4	1256
13	2006	4	509
14	2006	4	184
15	2006	4	4662
16	2006	4	530
17	2006	4	848
18	2006	4	802
19	2006	4	273
20	2006	4	505
21	2006	4	447
22	2006	4	327
23	2006	4	417
24	2006	4	345
1	2006	5	6912
2	2006	5	8239
3	2006	5	5614
4	2006	5	3962
5	2006	5	2687
6	2006	5	1550
7	2006	5	646
8	2006	5	810
9	2006	5	3089
10	2006	5	1306
11	2006	5	1003
12	2006	5	1866
13	2006	5	609
14	2006	5	363
15	2006	5	3957
16	2006	5	942
17	2006	5	1249
18	2006	5	1000
19	2006	5	585
20	2006	5	445
21	2006	5	631
22	2006	5	571
23	2006	5	405
24	2006	5	641
1	2006	6	5773
2	2006	6	6595
3	2006	6	4324
4	2006	6	2810
5	2006	6	1170
6	2006	6	508
7	2006	6	703
8	2006	6	588
9	2006	6	2079
10	2006	6	1386
11	2006	6	250
12	2006	6	1307
13	2006	6	268
14	2006	6	248
15	2006	6	7438
16	2006	6	554
17	2006	6	275
18	2006	6	771
19	2006	6	341
20	2006	6	368
21	2006	6	620
22	2006	6	439
23	2006	6	491
24	2006	6	486
1	2006	7	13718
2	2006	7	8154
3	2006	7	4562
4	2006	7	3672
5	2006	7	2939
6	2006	7	1873
7	2006	7	354
8	2006	7	939
9	2006	7	2714
10	2006	7	1364
11	2006	7	1134
12	2006	7	1753
13	2006	7	524
14	2006	7	227
15	2006	7	5343
16	2006	7	616
17	2006	7	1338
18	2006	7	1071
19	2006	7	544
20	2006	7	389
21	2006	7	836
22	2006	7	475
23	2006	7	618
24	2006	7	565
1	2006	8	15399
2	2006	8	9666
3	2006	8	5563
4	2006	8	4498
5	2006	8	3329
6	2006	8	1933
7	2006	8	1045
8	2006	8	1259
9	2006	8	3662
10	2006	8	1369
11	2006	8	570
12	2006	8	1708
13	2006	8	835
14	2006	8	401
15	2006	8	2622
16	2006	8	971
17	2006	8	1313
18	2006	8	1199
19	2006	8	454
20	2006	8	422
21	2006	8	965
22	2006	8	368
23	2006	8	678
24	2006	8	597
1	2006	9	5332
2	2006	9	10911
3	2006	9	4399
4	2006	9	4259
5	2006	9	3044
6	2006	9	1570
7	2006	9	849
8	2006	9	768
9	2006	9	3259
10	2006	9	1059
11	2006	9	554
12	2006	9	1491
13	2006	9	635
14	2006	9	360
15	2006	9	8694
16	2006	9	636
17	2006	9	1067
18	2006	9	1093
19	2006	9	734
20	2006	9	377
21	2006	9	589
22	2006	9	466
23	2006	9	651
24	2006	9	577
1	2006	10	9901
2	2006	10	11007
3	2006	10	4375
4	2006	10	4630
5	2006	10	3195
6	2006	10	1496
7	2006	10	527
8	2006	10	1165
9	2006	10	3933
10	2006	10	1069
11	2006	10	751
12	2006	10	1756
13	2006	10	738
14	2006	10	298
15	2006	10	5480
16	2006	10	1055
17	2006	10	1293
18	2006	10	1149
19	2006	10	467
20	2006	10	356
21	2006	10	595
22	2006	10	700
23	2006	10	691
24	2006	10	579
1	2006	11	4761
2	2006	11	9179
3	2006	11	4815
4	2006	11	3958
5	2006	11	2786
6	2006	11	1540
7	2006	11	427
8	2006	11	907
9	2006	11	3420
10	2006	11	2015
11	2006	11	733
12	2006	11	1662
13	2006	11	531
14	2006	11	164
15	2006	11	4358
16	2006	11	706
17	2006	11	1094
18	2006	11	1030
19	2006	11	501
20	2006	11	320
21	2006	11	632
22	2006	11	526
23	2006	11	693
24	2006	11	633
1	2006	12	3431
2	2006	12	8084
3	2006	12	2788
4	2006	12	3097
5	2006	12	1972
6	2006	12	1224
7	2006	12	459
8	2006	12	765
9	2006	12	2094
10	2006	12	331
11	2006	12	481
12	2006	12	1104
13	2006	12	263
14	2006	12	217
15	2006	12	3117
16	2006	12	328
17	2006	12	791
18	2006	12	682
19	2006	12	365
20	2006	12	64
21	2006	12	379
22	2006	12	229
23	2006	12	455
24	2006	12	404
1	2007	1	4502
2	2007	1	7063
3	2007	1	2543
4	2007	1	2472
5	2007	1	2276
6	2007	1	697
7	2007	1	390
8	2007	1	936
9	2007	1	1746
10	2007	1	26
11	2007	1	841
12	2007	1	1094
13	2007	1	457
14	2007	1	141
15	2007	1	5438
16	2007	1	584
17	2007	1	728
18	2007	1	868
19	2007	1	308
20	2007	1	351
21	2007	1	361
22	2007	1	343
23	2007	1	533
24	2007	1	407
1	2007	2	4265
2	2007	2	8836
3	2007	2	3928
4	2007	2	2882
5	2007	2	2550
6	2007	2	885
7	2007	2	364
8	2007	2	1100
9	2007	2	3030
10	2007	2	2458
11	2007	2	857
12	2007	2	1678
13	2007	2	474
14	2007	2	223
15	2007	2	5446
16	2007	2	926
17	2007	2	1018
18	2007	2	883
19	2007	2	216
20	2007	2	367
21	2007	2	331
22	2007	2	393
23	2007	2	644
24	2007	2	590
1	2007	3	5403
2	2007	3	10309
3	2007	3	6004
4	2007	3	4195
5	2007	3	3781
6	2007	3	1778
7	2007	3	711
8	2007	3	1411
9	2007	3	3745
10	2007	3	1668
11	2007	3	1052
12	2007	3	1791
13	2007	3	612
14	2007	3	237
15	2007	3	7197
16	2007	3	373
17	2007	3	1010
18	2007	3	1296
19	2007	3	530
20	2007	3	442
21	2007	3	398
22	2007	3	490
23	2007	3	876
24	2007	3	949
1	2007	4	5413
2	2007	4	9551
3	2007	4	4651
4	2007	4	3914
5	2007	4	3145
6	2007	4	1261
7	2007	4	700
8	2007	4	1083
9	2007	4	3033
10	2007	4	1012
11	2007	4	761
12	2007	4	1842
13	2007	4	518
14	2007	4	305
15	2007	4	6075
16	2007	4	364
17	2007	4	947
18	2007	4	1084
19	2007	4	350
20	2007	4	380
21	2007	4	435
22	2007	4	354
23	2007	4	756
24	2007	4	597
1	2007	5	5880
2	2007	5	9353
3	2007	5	5993
4	2007	5	4835
5	2007	5	3984
6	2007	5	1697
7	2007	5	582
8	2007	5	1374
9	2007	5	3932
10	2007	5	1411
11	2007	5	913
12	2007	5	1977
13	2007	5	664
14	2007	5	328
15	2007	5	6873
16	2007	5	681
17	2007	5	1249
18	2007	5	1316
19	2007	5	519
20	2007	5	496
21	2007	5	554
22	2007	5	420
23	2007	5	846
24	2007	5	783
1	2007	6	6449
2	2007	6	14652
3	2007	6	5939
4	2007	6	5140
5	2007	6	3307
6	2007	6	1548
7	2007	6	644
8	2007	6	1170
9	2007	6	3370
10	2007	6	1372
11	2007	6	955
12	2007	6	1673
13	2007	6	572
14	2007	6	276
15	2007	6	6854
16	2007	6	446
17	2007	6	1056
18	2007	6	1322
19	2007	6	379
20	2007	6	418
21	2007	6	563
22	2007	6	466
23	2007	6	871
24	2007	6	775
1	2007	7	8407
2	2007	7	12513
3	2007	7	5889
4	2007	7	7100
5	2007	7	3448
6	2007	7	1454
7	2007	7	486
8	2007	7	1340
9	2007	7	3477
10	2007	7	1320
11	2007	7	767
12	2007	7	1998
13	2007	7	643
14	2007	7	373
15	2007	7	6215
16	2007	7	563
17	2007	7	1027
18	2007	7	1421
19	2007	7	362
20	2007	7	466
21	2007	7	605
22	2007	7	510
23	2007	7	812
24	2007	7	769
1	2007	8	7529
2	2007	8	11208
3	2007	8	6143
4	2007	8	6358
5	2007	8	3802
6	2007	8	1814
7	2007	8	565
8	2007	8	1364
9	2007	8	4072
10	2007	8	1623
11	2007	8	913
12	2007	8	1890
13	2007	8	756
14	2007	8	283
15	2007	8	7675
16	2007	8	602
17	2007	8	1344
18	2007	8	1408
19	2007	8	433
20	2007	8	468
21	2007	8	766
22	2007	8	313
23	2007	8	734
24	2007	8	757
1	2007	9	7222
2	2007	9	9926
3	2007	9	4839
4	2007	9	6732
5	2007	9	3252
6	2007	9	1309
7	2007	9	636
8	2007	9	1151
9	2007	9	3781
10	2007	9	1489
11	2007	9	936
12	2007	9	1648
13	2007	9	540
14	2007	9	222
15	2007	9	9240
16	2007	9	537
17	2007	9	1018
18	2007	9	1316
19	2007	9	451
20	2007	9	419
21	2007	9	755
22	2007	9	726
23	2007	9	687
24	2007	9	472
1	2007	10	11449
2	2007	10	11286
3	2007	10	6195
4	2007	10	7371
5	2007	10	3562
6	2007	10	1960
7	2007	10	754
8	2007	10	1180
9	2007	10	4247
10	2007	10	1590
11	2007	10	1015
12	2007	10	2091
13	2007	10	573
14	2007	10	336
15	2007	10	6731
16	2007	10	564
17	2007	10	1468
18	2007	10	1261
19	2007	10	456
20	2007	10	365
21	2007	10	867
22	2007	10	608
23	2007	10	835
24	2007	10	647
1	2007	11	5701
2	2007	11	9270
3	2007	11	5174
4	2007	11	5417
5	2007	11	3278
6	2007	11	1437
7	2007	11	750
8	2007	11	1078
9	2007	11	3768
10	2007	11	1220
11	2007	11	688
12	2007	11	1699
13	2007	11	577
14	2007	11	289
15	2007	11	5314
16	2007	11	443
17	2007	11	1085
18	2007	11	1157
19	2007	11	306
20	2007	11	472
21	2007	11	557
22	2007	11	421
23	2007	11	636
24	2007	11	667
1	2007	12	4753
2	2007	12	9312
3	2007	12	4206
4	2007	12	5381
5	2007	12	2141
6	2007	12	1039
7	2007	12	431
8	2007	12	727
9	2007	12	2161
10	2007	12	1008
11	2007	12	490
12	2007	12	1222
13	2007	12	396
14	2007	12	262
15	2007	12	5129
16	2007	12	374
17	2007	12	590
18	2007	12	813
19	2007	12	380
20	2007	12	274
21	2007	12	469
22	2007	12	261
23	2007	12	493
24	2007	12	562
1	2008	1	6086
2	2008	1	7883
3	2008	1	2394
4	2008	1	5519
5	2008	1	2531
6	2008	1	1578
7	2008	1	463
8	2008	1	1029
9	2008	1	2083
10	2008	1	1060
11	2008	1	891
12	2008	1	1458
13	2008	1	519
14	2008	1	214
15	2008	1	6028
16	2008	1	297
17	2008	1	1062
18	2008	1	964
19	2008	1	367
20	2008	1	408
21	2008	1	595
22	2008	1	353
23	2008	1	472
24	2008	1	448
1	2008	2	5081
2	2008	2	9125
3	2008	2	5288
4	2008	2	5505
5	2008	2	2682
6	2008	2	1467
7	2008	2	738
8	2008	2	895
9	2008	2	3236
10	2008	2	1238
11	2008	2	817
12	2008	2	1591
13	2008	2	540
14	2008	2	358
15	2008	2	5859
16	2008	2	389
17	2008	2	806
18	2008	2	937
19	2008	2	376
20	2008	2	448
21	2008	2	888
22	2008	2	409
23	2008	2	615
24	2008	2	608
1	2008	3	4684
2	2008	3	10103
3	2008	3	5160
4	2008	3	6117
5	2008	3	2796
6	2008	3	1483
7	2008	3	540
8	2008	3	970
9	2008	3	3375
10	2008	3	1068
11	2008	3	968
12	2008	3	1707
13	2008	3	490
14	2008	3	300
15	2008	3	4085
16	2008	3	495
17	2008	3	726
18	2008	3	940
19	2008	3	380
20	2008	3	351
21	2008	3	738
22	2008	3	367
23	2008	3	463
24	2008	3	530
1	2008	4	4734
2	2008	4	13313
3	2008	4	5351
4	2008	4	5247
5	2008	4	3398
6	2008	4	1332
7	2008	4	605
8	2008	4	1334
9	2008	4	4052
10	2008	4	1099
11	2008	4	1122
12	2008	4	1823
13	2008	4	577
14	2008	4	259
15	2008	4	8496
16	2008	4	532
17	2008	4	1506
18	2008	4	1134
19	2008	4	552
20	2008	4	356
21	2008	4	727
22	2008	4	387
23	2008	4	553
24	2008	4	579
1	2008	5	4230
2	2008	5	10735
3	2008	5	5906
4	2008	5	6641
5	2008	5	2877
6	2008	5	1593
7	2008	5	670
8	2008	5	1270
9	2008	5	4545
10	2008	5	1095
11	2008	5	942
12	2008	5	1806
13	2008	5	527
14	2008	5	296
15	2008	5	6887
16	2008	5	284
17	2008	5	1076
18	2008	5	1279
19	2008	5	441
20	2008	5	291
21	2008	5	885
22	2008	5	423
23	2008	5	750
24	2008	5	769
1	2008	6	4851
2	2008	6	10915
3	2008	6	6272
4	2008	6	7931
5	2008	6	2657
6	2008	6	1869
7	2008	6	711
8	2008	6	1248
9	2008	6	4126
10	2008	6	1285
11	2008	6	879
12	2008	6	2054
13	2008	6	595
14	2008	6	263
15	2008	6	7964
16	2008	6	422
17	2008	6	1131
18	2008	6	1621
19	2008	6	423
20	2008	6	307
21	2008	6	1173
22	2008	6	296
23	2008	6	909
24	2008	6	912
1	2008	7	4638
2	2008	7	11204
3	2008	7	6815
4	2008	7	7505
5	2008	7	3441
6	2008	7	1782
7	2008	7	653
8	2008	7	1316
9	2008	7	4374
10	2008	7	1427
11	2008	7	944
12	2008	7	2340
13	2008	7	856
14	2008	7	473
15	2008	7	8709
16	2008	7	445
17	2008	7	1428
18	2008	7	1790
19	2008	7	549
20	2008	7	586
21	2008	7	1057
22	2008	7	378
23	2008	7	719
24	2008	7	769
1	2008	8	4195
2	2008	8	10946
3	2008	8	6181
4	2008	8	6436
5	2008	8	3201
6	2008	8	1595
7	2008	8	568
8	2008	8	1399
9	2008	8	3606
10	2008	8	1194
11	2008	8	928
12	2008	8	2224
13	2008	8	702
14	2008	8	276
15	2008	8	8276
16	2008	8	734
17	2008	8	1205
18	2008	8	1258
19	2008	8	374
20	2008	8	536
21	2008	8	1183
22	2008	8	389
23	2008	8	629
24	2008	8	547
1	2008	9	4367
2	2008	9	10776
3	2008	9	6975
4	2008	9	8130
5	2008	9	3338
6	2008	9	2044
7	2008	9	743
8	2008	9	1673
9	2008	9	4276
10	2008	9	1276
11	2008	9	6
12	2008	9	2406
13	2008	9	837
14	2008	9	406
15	2008	9	8820
16	2008	9	554
17	2008	9	1250
18	2008	9	1353
19	2008	9	400
20	2008	9	645
21	2008	9	931
22	2008	9	505
23	2008	9	662
24	2008	9	782
1	2008	10	4531
2	2008	10	11753
3	2008	10	6248
4	2008	10	7113
5	2008	10	3358
6	2008	10	1783
7	2008	10	518
8	2008	10	1635
9	2008	10	3716
10	2008	10	1263
11	2008	10	66
12	2008	10	2288
13	2008	10	821
14	2008	10	385
15	2008	10	7992
16	2008	10	622
17	2008	10	1559
18	2008	10	1183
19	2008	10	466
20	2008	10	574
21	2008	10	889
22	2008	10	438
23	2008	10	633
24	2008	10	755
1	2008	11	3407
2	2008	11	11055
3	2008	11	6449
4	2008	11	6993
5	2008	11	3018
6	2008	11	2016
7	2008	11	822
8	2008	11	1439
9	2008	11	4048
10	2008	11	1228
11	2008	11	48
12	2008	11	2541
13	2008	11	728
14	2008	11	328
15	2008	11	6946
16	2008	11	477
17	2008	11	1290
18	2008	11	1199
19	2008	11	358
20	2008	11	580
21	2008	11	880
22	2008	11	428
23	2008	11	629
24	2008	11	567
1	2008	12	3215
2	2008	12	3489
3	2008	12	4591
4	2008	12	5467
5	2008	12	2448
6	2008	12	1159
7	2008	12	500
8	2008	12	830
9	2008	12	2518
10	2008	12	1026
11	2008	12	294
12	2008	12	1429
13	2008	12	671
14	2008	12	185
15	2008	12	4629
16	2008	12	516
17	2008	12	565
18	2008	12	952
19	2008	12	376
20	2008	12	246
21	2008	12	663
22	2008	12	148
23	2008	12	461
24	2008	12	617
1	2009	1	2699
2	2009	1	8130
3	2009	1	2687
4	2009	1	3988
5	2009	1	2082
6	2009	1	1410
7	2009	1	439
8	2009	1	974
9	2009	1	2361
10	2009	1	1009
11	2009	1	677
12	2009	1	1516
13	2009	1	550
14	2009	1	305
15	2009	1	2026
16	2009	1	299
17	2009	1	807
18	2009	1	1010
19	2009	1	253
20	2009	1	409
21	2009	1	685
22	2009	1	283
23	2009	1	468
24	2009	1	397
1	2009	2	2051
2	2009	2	6831
3	2009	2	4600
4	2009	2	5027
5	2009	2	2239
6	2009	2	1538
7	2009	2	637
8	2009	2	1062
9	2009	2	3346
10	2009	2	1105
11	2009	2	821
12	2009	2	1586
13	2009	2	649
14	2009	2	246
15	2009	2	6111
16	2009	2	467
17	2009	2	902
18	2009	2	951
19	2009	2	336
20	2009	2	382
21	2009	2	792
22	2009	2	318
23	2009	2	419
24	2009	2	541
1	2009	3	4739
2	2009	3	10313
3	2009	3	6898
4	2009	3	6226
5	2009	3	3154
6	2009	3	1788
7	2009	3	740
8	2009	3	1388
9	2009	3	3829
10	2009	3	1217
11	2009	3	1086
12	2009	3	2515
13	2009	3	826
14	2009	3	382
15	2009	3	6869
16	2009	3	612
17	2009	3	1332
18	2009	3	1326
19	2009	3	536
20	2009	3	413
21	2009	3	1053
22	2009	3	473
23	2009	3	611
24	2009	3	609
1	2009	4	3508
2	2009	4	11097
3	2009	4	5304
4	2009	4	6259
5	2009	4	2662
6	2009	4	1517
7	2009	4	730
8	2009	4	1273
9	2009	4	3086
10	2009	4	1357
11	2009	4	627
12	2009	4	2198
13	2009	4	863
14	2009	4	357
15	2009	4	6434
16	2009	4	473
17	2009	4	1196
18	2009	4	988
19	2009	4	356
20	2009	4	500
21	2009	4	786
22	2009	4	345
23	2009	4	542
24	2009	4	612
1	2009	5	4592
2	2009	5	14123
3	2009	5	6144
4	2009	5	6577
5	2009	5	3316
6	2009	5	1643
7	2009	5	935
8	2009	5	1416
9	2009	5	4064
10	2009	5	1540
11	2009	5	833
12	2009	5	2509
13	2009	5	761
14	2009	5	411
15	2009	5	7536
16	2009	5	288
17	2009	5	1340
18	2009	5	1232
19	2009	5	435
20	2009	5	479
21	2009	5	1121
22	2009	5	393
23	2009	5	604
24	2009	5	653
1	2009	6	4749
2	2009	6	16309
3	2009	6	6183
4	2009	6	6067
5	2009	6	3031
6	2009	6	1933
7	2009	6	1059
8	2009	6	1498
9	2009	6	4426
10	2009	6	1616
11	2009	6	921
12	2009	6	2419
13	2009	6	843
14	2009	6	327
15	2009	6	7787
16	2009	6	498
17	2009	6	1347
18	2009	6	1459
19	2009	6	460
20	2009	6	520
21	2009	6	1464
22	2009	6	596
23	2009	6	578
24	2009	6	869
1	2009	7	5080
2	2009	7	10661
3	2009	7	7189
4	2009	7	6549
5	2009	7	3793
6	2009	7	1825
7	2009	7	643
8	2009	7	1357
9	2009	7	4366
10	2009	7	1667
11	2009	7	1066
12	2009	7	2554
13	2009	7	950
14	2009	7	481
15	2009	7	7056
16	2009	7	449
17	2009	7	1325
18	2009	7	1388
19	2009	7	473
20	2009	7	512
21	2009	7	1223
22	2009	7	567
23	2009	7	642
24	2009	7	643
1	2009	8	4464
2	2009	8	10719
3	2009	8	7056
4	2009	8	6137
5	2009	8	3262
6	2009	8	2788
7	2009	8	1101
8	2009	8	1264
9	2009	8	3584
10	2009	8	1480
11	2009	8	1132
12	2009	8	2428
13	2009	8	1128
14	2009	8	338
15	2009	8	7181
16	2009	8	474
17	2009	8	1414
18	2009	8	1241
19	2009	8	549
20	2009	8	427
21	2009	8	986
22	2009	8	632
23	2009	8	494
24	2009	8	597
1	2009	9	4738
2	2009	9	12422
3	2009	9	6963
4	2009	9	6239
5	2009	9	4030
6	2009	9	1455
7	2009	9	1187
8	2009	9	1437
9	2009	9	3516
10	2009	9	1708
11	2009	9	1024
12	2009	9	2290
13	2009	9	883
14	2009	9	375
15	2009	9	7762
16	2009	9	668
17	2009	9	1180
18	2009	9	1290
19	2009	9	520
20	2009	9	591
21	2009	9	1493
22	2009	9	627
23	2009	9	780
24	2009	9	834
1	2009	10	2998
2	2009	10	11122
3	2009	10	6567
4	2009	10	5195
5	2009	10	3868
6	2009	10	2784
7	2009	10	1084
8	2009	10	1263
9	2009	10	4098
10	2009	10	1531
11	2009	10	973
12	2009	10	2167
13	2009	10	974
14	2009	10	389
15	2009	10	7772
16	2009	10	566
17	2009	10	1261
18	2009	10	1372
19	2009	10	528
20	2009	10	435
21	2009	10	1632
22	2009	10	395
23	2009	10	655
24	2009	10	601
1	2009	11	5596
2	2009	11	9422
3	2009	11	6587
4	2009	11	4942
5	2009	11	2382
6	2009	11	1514
7	2009	11	871
8	2009	11	1146
9	2009	11	3856
10	2009	11	1687
11	2009	11	694
12	2009	11	1957
13	2009	11	696
14	2009	11	268
15	2009	11	6531
16	2009	11	756
17	2009	11	1225
18	2009	11	1326
19	2009	11	513
20	2009	11	464
21	2009	11	994
22	2009	11	626
23	2009	11	604
24	2009	11	748
1	2009	12	3163
2	2009	12	5410
3	2009	12	4614
4	2009	12	3914
5	2009	12	1636
6	2009	12	1569
7	2009	12	727
8	2009	12	580
9	2009	12	2181
10	2009	12	1206
11	2009	12	385
12	2009	12	1316
13	2009	12	589
14	2009	12	191
15	2009	12	4359
16	2009	12	452
17	2009	12	1122
18	2009	12	941
19	2009	12	410
20	2009	12	239
21	2009	12	1104
22	2009	12	436
23	2009	12	433
24	2009	12	466
1	2010	1	2039
2	2010	1	7437
3	2010	1	2615
4	2010	1	3848
5	2010	1	2253
6	2010	1	1527
7	2010	1	377
8	2010	1	743
9	2010	1	2591
10	2010	1	350
11	2010	1	625
12	2010	1	1729
13	2010	1	1089
14	2010	1	367
15	2010	1	8122
16	2010	1	221
17	2010	1	867
18	2010	1	1017
19	2010	1	440
20	2010	1	303
21	2010	1	1123
22	2010	1	438
23	2010	1	602
24	2010	1	308
1	2010	2	3715
2	2010	2	9224
3	2010	2	4795
4	2010	2	3830
5	2010	2	2802
6	2010	2	1511
7	2010	2	876
8	2010	2	1456
9	2010	2	2889
10	2010	2	1035
11	2010	2	506
12	2010	2	1795
13	2010	2	1106
14	2010	2	380
15	2010	2	6499
16	2010	2	680
17	2010	2	1176
18	2010	2	1406
19	2010	2	378
20	2010	2	389
21	2010	2	810
22	2010	2	699
23	2010	2	498
24	2010	2	532
1	2010	3	5611
2	2010	3	14799
3	2010	3	8483
4	2010	3	6011
5	2010	3	1644
6	2010	3	2681
7	2010	3	1156
8	2010	3	1547
9	2010	3	4700
10	2010	3	1446
11	2010	3	649
12	2010	3	2656
13	2010	3	1113
14	2010	3	526
15	2010	3	9080
16	2010	3	855
17	2010	3	1337
18	2010	3	1542
19	2010	3	581
20	2010	3	445
21	2010	3	1204
22	2010	3	702
23	2010	3	784
24	2010	3	775
1	2010	4	5721
2	2010	4	14356
3	2010	4	6160
4	2010	4	5749
5	2010	4	4090
6	2010	4	2212
7	2010	4	946
8	2010	4	1342
9	2010	4	3915
10	2010	4	1330
11	2010	4	684
12	2010	4	2262
13	2010	4	1200
14	2010	4	369
15	2010	4	8529
16	2010	4	1038
17	2010	4	1038
18	2010	4	1459
19	2010	4	548
20	2010	4	752
21	2010	4	1156
22	2010	4	653
23	2010	4	680
24	2010	4	597
1	2010	5	5739
2	2010	5	9923
3	2010	5	6872
4	2010	5	4484
5	2010	5	2298
6	2010	5	2071
7	2010	5	1143
8	2010	5	1280
9	2010	5	3001
10	2010	5	1674
11	2010	5	626
12	2010	5	2127
13	2010	5	545
14	2010	5	432
15	2010	5	7496
16	2010	5	521
17	2010	5	1244
18	2010	5	1420
19	2010	5	623
20	2010	5	474
21	2010	5	1592
22	2010	5	536
23	2010	5	508
24	2010	5	684
1	2010	6	4912
2	2010	6	6739
3	2010	6	6633
4	2010	6	3453
5	2010	6	755
6	2010	6	1562
7	2010	6	786
8	2010	6	887
9	2010	6	2204
10	2010	6	1474
11	2010	6	378
12	2010	6	2065
13	2010	6	407
14	2010	6	445
15	2010	6	6249
16	2010	6	498
17	2010	6	1012
18	2010	6	1396
19	2010	6	450
20	2010	6	374
21	2010	6	838
22	2010	6	638
23	2010	6	553
24	2010	6	604
1	2010	7	5220
2	2010	7	6619
3	2010	7	6277
4	2010	7	5769
5	2010	7	1175
6	2010	7	1932
7	2010	7	1122
8	2010	7	1356
9	2010	7	3142
10	2010	7	1710
11	2010	7	684
12	2010	7	2320
13	2010	7	987
14	2010	7	429
15	2010	7	9176
16	2010	7	596
17	2010	7	1379
18	2010	7	1693
19	2010	7	583
20	2010	7	524
21	2010	7	1026
22	2010	7	497
23	2010	7	621
24	2010	7	933
1	2010	8	5708
2	2010	8	11132
3	2010	8	7043
4	2010	8	5636
5	2010	8	4457
6	2010	8	2142
7	2010	8	1354
8	2010	8	1593
9	2010	8	4676
10	2010	8	1713
11	2010	8	883
12	2010	8	2465
13	2010	8	1054
14	2010	8	370
15	2010	8	9452
16	2010	8	753
17	2010	8	1540
18	2010	8	1558
19	2010	8	775
20	2010	8	535
21	2010	8	711
22	2010	8	673
23	2010	8	612
24	2010	8	709
1	2010	9	5340
2	2010	9	13207
3	2010	9	7020
4	2010	9	5800
5	2010	9	5043
6	2010	9	2315
7	2010	9	779
8	2010	9	1285
9	2010	9	4715
10	2010	9	1704
11	2010	9	749
12	2010	9	2280
13	2010	9	1175
14	2010	9	797
15	2010	9	7593
16	2010	9	820
17	2010	9	1505
18	2010	9	1543
19	2010	9	484
20	2010	9	547
21	2010	9	1108
22	2010	9	516
23	2010	9	759
24	2010	9	774
1	2010	10	5595
2	2010	10	11897
3	2010	10	6431
4	2010	10	5432
5	2010	10	3978
6	2010	10	2005
7	2010	10	801
8	2010	10	830
9	2010	10	4550
10	2010	10	1879
11	2010	10	730
12	2010	10	2294
13	2010	10	717
14	2010	10	545
15	2010	10	8491
16	2010	10	745
17	2010	10	1540
18	2010	10	1213
19	2010	10	568
20	2010	10	450
21	2010	10	865
22	2010	10	592
23	2010	10	622
24	2010	10	514
1	2010	11	5945
2	2010	11	10944
3	2010	11	6335
4	2010	11	5268
5	2010	11	3107
6	2010	11	1978
7	2010	11	833
8	2010	11	1191
9	2010	11	5331
10	2010	11	1589
11	2010	11	619
12	2010	11	1913
13	2010	11	917
14	2010	11	386
15	2010	11	7849
16	2010	11	702
17	2010	11	1298
18	2010	11	1494
19	2010	11	706
20	2010	11	565
21	2010	11	721
22	2010	11	381
23	2010	11	525
24	2010	11	579
1	2010	12	3786
2	2010	12	6782
3	2010	12	4671
4	2010	12	4393
5	2010	12	1737
6	2010	12	1437
7	2010	12	256
8	2010	12	548
9	2010	12	2882
10	2010	12	1059
11	2010	12	421
12	2010	12	1183
13	2010	12	521
14	2010	12	107
15	2010	12	4132
16	2010	12	451
17	2010	12	845
18	2010	12	718
19	2010	12	368
20	2010	12	366
21	2010	12	399
22	2010	12	262
23	2010	12	363
24	2010	12	380
1	2011	1	5184
2	2011	1	7229
3	2011	1	4499
4	2011	1	3560
5	2011	1	1885
6	2011	1	1216
7	2011	1	866
8	2011	1	693
9	2011	1	2667
10	2011	1	1113
11	2011	1	637
12	2011	1	1623
13	2011	1	1075
14	2011	1	559
15	2011	1	5912
16	2011	1	434
17	2011	1	924
18	2011	1	1072
19	2011	1	290
20	2011	1	326
21	2011	1	302
22	2011	1	65
23	2011	1	289
24	2011	1	455
1	2011	2	6915
2	2011	2	11728
3	2011	2	7334
4	2011	2	4738
5	2011	2	4059
6	2011	2	1576
7	2011	2	1107
8	2011	2	1237
9	2011	2	4782
10	2011	2	1788
11	2011	2	773
12	2011	2	2473
13	2011	2	847
14	2011	2	600
15	2011	2	7700
16	2011	2	677
17	2011	2	1499
18	2011	2	1862
19	2011	2	528
20	2011	2	475
21	2011	2	611
22	2011	2	796
23	2011	2	666
24	2011	2	748
1	2011	3	6983
2	2011	3	13992
3	2011	3	6510
4	2011	3	5914
5	2011	3	3995
6	2011	3	2020
7	2011	3	671
8	2011	3	1224
9	2011	3	4452
10	2011	3	1743
11	2011	3	721
12	2011	3	2399
13	2011	3	662
14	2011	3	235
15	2011	3	7738
16	2011	3	796
17	2011	3	1581
18	2011	3	1546
19	2011	3	620
20	2011	3	488
21	2011	3	752
22	2011	3	820
23	2011	3	736
24	2011	3	905
1	2011	4	6138
2	2011	4	12697
3	2011	4	6232
4	2011	4	6020
5	2011	4	3645
6	2011	4	1618
7	2011	4	900
8	2011	4	1034
9	2011	4	4211
10	2011	4	1599
11	2011	4	768
12	2011	4	2216
13	2011	4	628
14	2011	4	295
15	2011	4	7327
16	2011	4	745
17	2011	4	1352
18	2011	4	1337
19	2011	4	534
20	2011	4	443
21	2011	4	667
22	2011	4	721
23	2011	4	547
24	2011	4	750
1	2011	5	8557
2	2011	5	14679
3	2011	5	8697
4	2011	5	6562
5	2011	5	4171
6	2011	5	2263
7	2011	5	900
8	2011	5	1279
9	2011	5	6306
10	2011	5	1698
11	2011	5	1022
12	2011	5	2761
13	2011	5	912
14	2011	5	493
15	2011	5	9671
16	2011	5	1744
17	2011	5	1536
18	2011	5	1699
19	2011	5	565
20	2011	5	706
21	2011	5	1041
22	2011	5	1022
23	2011	5	717
24	2011	5	1021
1	2011	6	7402
2	2011	6	12459
3	2011	6	7899
4	2011	6	5968
5	2011	6	2559
6	2011	6	1965
7	2011	6	772
8	2011	6	1255
9	2011	6	4381
10	2011	6	1841
11	2011	6	996
12	2011	6	1976
13	2011	6	629
14	2011	6	656
15	2011	6	8919
16	2011	6	1102
17	2011	6	1249
18	2011	6	1413
19	2011	6	501
20	2011	6	640
21	2011	6	751
22	2011	6	738
23	2011	6	731
24	2011	6	666
1	2011	7	8582
2	2011	7	12463
3	2011	7	7181
4	2011	7	5931
5	2011	7	2414
6	2011	7	2074
7	2011	7	462
8	2011	7	1009
9	2011	7	4207
10	2011	7	1780
11	2011	7	917
12	2011	7	2253
13	2011	7	585
14	2011	7	586
15	2011	7	9268
16	2011	7	973
17	2011	7	1347
18	2011	7	1448
19	2011	7	412
20	2011	7	501
21	2011	7	956
22	2011	7	537
23	2011	7	630
24	2011	7	891
1	2011	8	9226
2	2011	8	12842
3	2011	8	7983
4	2011	8	7149
5	2011	8	2642
6	2011	8	2264
7	2011	8	916
8	2011	8	1471
9	2011	8	6049
10	2011	8	1796
11	2011	8	1184
12	2011	8	2980
13	2011	8	744
14	2011	8	409
15	2011	8	9482
16	2011	8	798
17	2011	8	1777
18	2011	8	1390
19	2011	8	578
20	2011	8	596
21	2011	8	973
22	2011	8	645
23	2011	8	545
24	2011	8	1038
1	2011	9	9263
2	2011	9	14332
3	2011	9	7924
4	2011	9	5046
5	2011	9	2648
6	2011	9	2130
7	2011	9	758
8	2011	9	1406
9	2011	9	3580
10	2011	9	1901
11	2011	9	1048
12	2011	9	2324
13	2011	9	698
14	2011	9	594
15	2011	9	9102
16	2011	9	726
17	2011	9	1492
18	2011	9	1532
19	2011	9	487
20	2011	9	577
21	2011	9	1038
22	2011	9	697
23	2011	9	532
24	2011	9	849
1	2011	10	7267
2	2011	10	8484
3	2011	10	6045
4	2011	10	5123
5	2011	10	2332
6	2011	10	1854
7	2011	10	962
8	2011	10	1279
9	2011	10	4546
10	2011	10	1650
11	2011	10	708
12	2011	10	2134
13	2011	10	464
14	2011	10	395
15	2011	10	6036
16	2011	10	625
17	2011	10	1682
18	2011	10	1042
19	2011	10	468
20	2011	10	500
21	2011	10	741
22	2011	10	438
23	2011	10	434
24	2011	10	609
1	2011	11	6015
2	2011	11	7114
3	2011	11	5719
4	2011	11	3895
5	2011	11	1753
6	2011	11	1460
7	2011	11	723
8	2011	11	1045
9	2011	11	4780
10	2011	11	1597
11	2011	11	528
12	2011	11	2411
13	2011	11	288
14	2011	11	365
15	2011	11	5799
16	2011	11	553
17	2011	11	997
18	2011	11	1001
19	2011	11	414
20	2011	11	710
21	2011	11	415
22	2011	11	393
23	2011	11	387
24	2011	11	574
1	2011	12	2487
2	2011	12	3700
3	2011	12	3123
4	2011	12	3578
5	2011	12	959
6	2011	12	1141
7	2011	12	518
8	2011	12	868
9	2011	12	1659
10	2011	12	750
11	2011	12	320
12	2011	12	833
13	2011	12	1613
14	2011	12	42
15	2011	12	4505
16	2011	12	367
17	2011	12	713
18	2011	12	748
19	2011	12	55
20	2011	12	259
21	2011	12	509
22	2011	12	415
23	2011	12	180
24	2011	12	372
1	2012	1	4048
2	2012	1	5583
3	2012	1	5550
4	2012	1	2547
5	2012	1	1594
6	2012	1	-9999
7	2012	1	197
8	2012	1	846
9	2012	1	2782
10	2012	1	444
11	2012	1	527
12	2012	1	1476
13	2012	1	475
14	2012	1	4
15	2012	1	5392
16	2012	1	354
17	2012	1	947
18	2012	1	754
19	2012	1	296
20	2012	1	422
21	2012	1	682
22	2012	1	317
23	2012	1	182
24	2012	1	356
1	2012	2	5389
2	2012	2	12174
3	2012	2	6700
4	2012	2	4027
5	2012	2	2588
6	2012	2	2474
7	2012	2	852
8	2012	2	1264
9	2012	2	4260
10	2012	2	1586
11	2012	2	617
12	2012	2	2730
13	2012	2	555
14	2012	2	4
15	2012	2	7852
16	2012	2	351
17	2012	2	1445
18	2012	2	1178
19	2012	2	331
20	2012	2	423
21	2012	2	715
22	2012	2	647
23	2012	2	-9999
24	2012	2	674
1	2012	3	7193
2	2012	3	15421
3	2012	3	8990
4	2012	3	6035
5	2012	3	4582
6	2012	3	3323
7	2012	3	839
8	2012	3	1301
9	2012	3	5514
10	2012	3	2086
11	2012	3	1822
12	2012	3	2705
13	2012	3	838
14	2012	3	4
15	2012	3	10048
16	2012	3	596
17	2012	3	1747
18	2012	3	1408
19	2012	3	535
20	2012	3	758
21	2012	3	842
22	2012	3	943
23	2012	3	774
24	2012	3	941
1	2012	4	5676
2	2012	4	11640
3	2012	4	7196
4	2012	4	4661
5	2012	4	4066
6	2012	4	2809
7	2012	4	692
8	2012	4	1176
9	2012	4	4402
10	2012	4	1603
11	2012	4	633
12	2012	4	2424
13	2012	4	669
14	2012	4	4
15	2012	4	8007
16	2012	4	685
17	2012	4	1188
18	2012	4	1100
19	2012	4	405
20	2012	4	510
21	2012	4	1041
22	2012	4	941
23	2012	4	626
24	2012	4	713
1	2012	5	7291
2	2012	5	14517
3	2012	5	8503
4	2012	5	6211
5	2012	5	5148
6	2012	5	3206
7	2012	5	1027
8	2012	5	1482
9	2012	5	5254
10	2012	5	2065
11	2012	5	878
12	2012	5	2994
13	2012	5	823
14	2012	5	13
15	2012	5	10568
16	2012	5	718
17	2012	5	1781
18	2012	5	1598
19	2012	5	471
20	2012	5	642
21	2012	5	850
22	2012	5	868
23	2012	5	771
24	2012	5	906
1	2012	6	5732
2	2012	6	12078
3	2012	6	8025
4	2012	6	5510
5	2012	6	4757
6	2012	6	3116
7	2012	6	806
8	2012	6	1383
9	2012	6	4525
10	2012	6	1811
11	2012	6	726
12	2012	6	2540
13	2012	6	717
14	2012	6	780
15	2012	6	10059
16	2012	6	534
17	2012	6	1171
18	2012	6	1275
19	2012	6	291
20	2012	6	799
21	2012	6	757
22	2012	6	884
23	2012	6	734
24	2012	6	682
1	2012	7	7967
2	2012	7	12474
3	2012	7	7592
4	2012	7	5242
5	2012	7	4875
6	2012	7	3529
7	2012	7	1107
8	2012	7	1454
9	2012	7	5486
10	2012	7	1777
11	2012	7	886
12	2012	7	2540
13	2012	7	921
14	2012	7	758
15	2012	7	12190
16	2012	7	424
17	2012	7	1725
18	2012	7	1455
19	2012	7	613
20	2012	7	631
21	2012	7	923
22	2012	7	691
23	2012	7	955
24	2012	7	820
1	2012	8	8630
2	2012	8	11122
3	2012	8	8508
4	2012	8	5520
5	2012	8	5397
6	2012	8	-9999
7	2012	8	778
8	2012	8	1498
9	2012	8	5709
10	2012	8	1856
11	2012	8	847
12	2012	8	2704
13	2012	8	859
14	2012	8	1602
15	2012	8	12761
16	2012	8	564
17	2012	8	1445
18	2012	8	1404
19	2012	8	534
20	2012	8	424
21	2012	8	1052
22	2012	8	1125
23	2012	8	966
24	2012	8	990
1	2012	9	7012
2	2012	9	10675
3	2012	9	6437
4	2012	9	4116
5	2012	9	4116
6	2012	9	3118
7	2012	9	750
8	2012	9	1343
9	2012	9	4979
10	2012	9	1344
11	2012	9	613
12	2012	9	2287
13	2012	9	896
14	2012	9	622
15	2012	9	11280
16	2012	9	346
17	2012	9	1351
18	2012	9	1261
19	2012	9	444
20	2012	9	539
21	2012	9	650
22	2012	9	464
23	2012	9	684
24	2012	9	697
1	2012	10	7714
2	2012	10	13976
3	2012	10	7892
4	2012	10	5454
5	2012	10	4518
6	2012	10	3405
7	2012	10	741
8	2012	10	1528
9	2012	10	5120
10	2012	10	1918
11	2012	10	945
12	2012	10	2645
13	2012	10	872
14	2012	10	1258
15	2012	10	11137
16	2012	10	658
17	2012	10	1721
18	2012	10	1327
19	2012	10	611
20	2012	10	431
21	2012	10	782
22	2012	10	500
23	2012	10	752
24	2012	10	727
1	2012	11	5734
2	2012	11	8982
3	2012	11	7375
4	2012	11	4622
5	2012	11	3338
6	2012	11	2867
7	2012	11	764
8	2012	11	1052
9	2012	11	4191
10	2012	11	1703
11	2012	11	630
12	2012	11	2127
13	2012	11	739
14	2012	11	1792
15	2012	11	7986
16	2012	11	646
17	2012	11	1261
18	2012	11	1078
19	2012	11	375
20	2012	11	455
21	2012	11	608
22	2012	11	522
23	2012	11	796
24	2012	11	537
1	2012	12	3860
2	2012	12	8518
3	2012	12	4703
4	2012	12	3640
5	2012	12	2196
6	2012	12	2308
7	2012	12	361
8	2012	12	731
9	2012	12	3004
10	2012	12	1200
11	2012	12	615
12	2012	12	1497
13	2012	12	543
14	2012	12	616
15	2012	12	7696
16	2012	12	466
17	2012	12	1113
18	2012	12	866
19	2012	12	240
20	2012	12	288
21	2012	12	517
22	2012	12	494
23	2012	12	542
24	2012	12	17
1	2013	1	5500
2	2013	1	10064
3	2013	1	4536
4	2013	1	4101
5	2013	1	2879
6	2013	1	1541
7	2013	1	662
8	2013	1	846
9	2013	1	2196
10	2013	1	803
11	2013	1	764
12	2013	1	1423
13	2013	1	425
14	2013	1	544
15	2013	1	8628
16	2013	1	389
17	2013	1	920
18	2013	1	735
19	2013	1	286
20	2013	1	328
21	2013	1	527
22	2013	1	537
23	2013	1	572
24	2013	1	1090
1	2013	2	4401
2	2013	2	11065
3	2013	2	6292
4	2013	2	4808
5	2013	2	3056
6	2013	2	1886
7	2013	2	364
8	2013	2	1020
9	2013	2	3575
10	2013	2	1719
11	2013	2	607
12	2013	2	1824
13	2013	2	725
14	2013	2	556
15	2013	2	7373
16	2013	2	332
17	2013	2	1039
18	2013	2	1063
19	2013	2	332
20	2013	2	395
21	2013	2	602
22	2013	2	1014
23	2013	2	824
24	2013	2	600
1	2013	3	5692
2	2013	3	13710
3	2013	3	1891
4	2013	3	5591
5	2013	3	4057
6	2013	3	1781
7	2013	3	677
8	2013	3	1153
9	2013	3	3843
10	2013	3	1580
11	2013	3	708
12	2013	3	2088
13	2013	3	771
14	2013	3	716
15	2013	3	9460
16	2013	3	654
17	2013	3	1288
18	2013	3	1000
19	2013	3	524
20	2013	3	316
21	2013	3	676
22	2013	3	561
23	2013	3	942
24	2013	3	638
1	2013	4	8001
2	2013	4	15426
3	2013	4	8451
4	2013	4	7281
5	2013	4	4617
6	2013	4	2479
7	2013	4	866
8	2013	4	1386
9	2013	4	4917
10	2013	4	1862
11	2013	4	936
12	2013	4	2659
13	2013	4	1032
14	2013	4	606
15	2013	4	10493
16	2013	4	672
17	2013	4	1407
18	2013	4	1623
19	2013	4	511
20	2013	4	549
21	2013	4	1083
22	2013	4	699
23	2013	4	860
24	2013	4	868
1	2013	5	8473
2	2013	5	13468
3	2013	5	8066
4	2013	5	7227
5	2013	5	4648
6	2013	5	2135
7	2013	5	1074
8	2013	5	1246
9	2013	5	4754
10	2013	5	1666
11	2013	5	829
12	2013	5	2652
13	2013	5	1133
14	2013	5	529
15	2013	5	10125
16	2013	5	486
17	2013	5	1633
18	2013	5	1364
19	2013	5	465
20	2013	5	294
21	2013	5	933
22	2013	5	914
23	2013	5	833
24	2013	5	877
1	2013	6	6728
2	2013	6	13151
3	2013	6	7391
4	2013	6	6095
5	2013	6	2928
6	2013	6	1982
7	2013	6	793
8	2013	6	1226
9	2013	6	4595
10	2013	6	1571
11	2013	6	564
12	2013	6	2428
13	2013	6	846
14	2013	6	603
15	2013	6	9502
16	2013	6	647
17	2013	6	1545
18	2013	6	1236
19	2013	6	415
20	2013	6	320
21	2013	6	795
22	2013	6	465
23	2013	6	858
24	2013	6	759
1	2013	7	6932
2	2013	7	14249
3	2013	7	2101
4	2013	7	7374
5	2013	7	4678
6	2013	7	2197
7	2013	7	1489
8	2013	7	1227
9	2013	7	5124
10	2013	7	2022
11	2013	7	762
12	2013	7	2849
13	2013	7	1313
14	2013	7	502
15	2013	7	9847
16	2013	7	1109
17	2013	7	1640
18	2013	7	1541
19	2013	7	365
20	2013	7	438
21	2013	7	829
22	2013	7	678
23	2013	7	1072
24	2013	7	993
1	2013	8	7999
2	2013	8	15713
3	2013	8	8295
4	2013	8	6504
5	2013	8	4638
6	2013	8	2035
7	2013	8	1098
8	2013	8	1152
9	2013	8	4644
10	2013	8	1568
11	2013	8	724
12	2013	8	2281
13	2013	8	1280
14	2013	8	518
15	2013	8	10863
16	2013	8	1193
17	2013	8	1536
18	2013	8	1578
19	2013	8	573
20	2013	8	330
21	2013	8	743
22	2013	8	843
23	2013	8	832
24	2013	8	763
1	2013	9	7648
2	2013	9	13129
3	2013	9	7786
4	2013	9	6770
5	2013	9	4963
6	2013	9	2327
7	2013	9	1299
8	2013	9	1097
9	2013	9	4973
10	2013	9	1307
11	2013	9	1117
12	2013	9	2463
13	2013	9	1126
14	2013	9	700
15	2013	9	10980
16	2013	9	977
17	2013	9	1705
18	2013	9	1702
19	2013	9	523
20	2013	9	441
21	2013	9	554
22	2013	9	1656
23	2013	9	1120
24	2013	9	822
1	2013	10	7952
2	2013	10	13635
3	2013	10	8213
4	2013	10	7489
5	2013	10	4864
6	2013	10	2374
7	2013	10	1048
8	2013	10	1125
9	2013	10	5036
10	2013	10	1749
11	2013	10	522
12	2013	10	2460
13	2013	10	1204
14	2013	10	791
15	2013	10	12035
16	2013	10	1544
17	2013	10	1699
18	2013	10	1560
19	2013	10	468
20	2013	10	417
21	2013	10	716
22	2013	10	1090
23	2013	10	963
24	2013	10	807
1	2013	11	6020
2	2013	11	10963
3	2013	11	1973
4	2013	11	6287
5	2013	11	4199
6	2013	11	1926
7	2013	11	1085
8	2013	11	957
9	2013	11	4388
10	2013	11	1029
11	2013	11	341
12	2013	11	2500
13	2013	11	1203
14	2013	11	571
15	2013	11	9513
16	2013	11	1149
17	2013	11	1266
18	2013	11	1878
19	2013	11	381
20	2013	11	454
21	2013	11	613
22	2013	11	937
23	2013	11	1006
24	2013	11	814
1	2013	12	5072
2	2013	12	7404
3	2013	12	5426
4	2013	12	5797
5	2013	12	2787
6	2013	12	1900
7	2013	12	795
8	2013	12	638
9	2013	12	2986
10	2013	12	1298
11	2013	12	292
12	2013	12	1650
13	2013	12	895
14	2013	12	307
15	2013	12	6963
16	2013	12	1469
17	2013	12	1287
18	2013	12	1431
19	2013	12	148
20	2013	12	290
21	2013	12	629
22	2013	12	683
23	2013	12	773
24	2013	12	438
1	2014	1	5553
1	2014	2	6438
1	2014	3	5775
1	2014	4	6472
1	2014	5	6961
1	2014	6	4618
1	2014	7	7161
1	2014	8	7235
1	2014	9	8389
1	2014	10	7542
1	2014	11	7455
1	2014	12	4775
2	2014	1	8961
2	2014	2	11991
2	2014	3	11041
2	2014	4	11932
2	2014	5	13814
2	2014	6	10836
2	2014	7	12760
2	2014	8	12237
2	2014	9	14885
2	2014	10	12209
2	2014	11	10947
2	2014	12	9717
3	2014	1	4066
3	2014	2	7393
3	2014	3	6863
3	2014	4	7010
3	2014	5	9216
3	2014	6	6708
3	2014	7	9159
3	2014	8	9162
3	2014	9	9674
3	2014	10	9318
3	2014	11	8366
3	2014	12	6663
4	2014	1	4286
4	2014	2	5174
4	2014	3	6739
4	2014	4	6157
4	2014	5	6498
4	2014	6	5418
4	2014	7	7611
4	2014	8	5793
4	2014	9	7091
4	2014	10	6853
4	2014	11	6860
4	2014	12	5134
5	2014	1	3497
5	2014	2	4476
5	2014	3	4274
5	2014	4	3453
5	2014	5	4562
5	2014	6	3834
5	2014	7	5132
5	2014	8	4108
5	2014	9	5023
5	2014	10	4928
5	2014	11	4031
5	2014	12	2435
6	2014	1	1623
6	2014	2	2321
6	2014	3	2062
6	2014	4	2012
6	2014	5	2201
6	2014	6	1762
6	2014	7	2264
6	2014	8	2368
6	2014	9	2481
6	2014	10	2501
6	2014	11	2217
6	2014	12	1602
7	2014	1	1000
7	2014	2	913
7	2014	3	874
7	2014	4	895
7	2014	5	1313
7	2014	6	1161
7	2014	7	1278
7	2014	8	899
7	2014	9	1281
7	2014	10	1233
7	2014	11	972
7	2014	12	881
8	2014	1	981
8	2014	2	1221
8	2014	3	1147
8	2014	4	1175
8	2014	5	1362
8	2014	6	1332
8	2014	7	1446
8	2014	8	1384
8	2014	9	1564
8	2014	10	1542
8	2014	11	1308
8	2014	12	933
9	2014	1	2169
9	2014	2	4074
9	2014	3	4380
9	2014	4	4417
9	2014	5	4921
9	2014	6	4596
9	2014	7	5342
9	2014	8	4698
9	2014	9	4812
9	2014	10	5479
9	2014	11	4681
9	2014	12	3271
10	2014	1	905
10	2014	2	1739
10	2014	3	1655
10	2014	4	1560
10	2014	5	1577
10	2014	6	1249
10	2014	7	1605
10	2014	8	1689
10	2014	9	1960
10	2014	10	1689
10	2014	11	2091
10	2014	12	1041
11	2014	1	346
11	2014	2	780
11	2014	3	609
11	2014	4	674
11	2014	5	685
11	2014	6	580
11	2014	7	817
11	2014	8	1103
11	2014	9	939
11	2014	10	774
11	2014	11	949
11	2014	12	637
12	2014	1	1657
12	2014	2	2266
12	2014	3	2294
12	2014	4	2509
12	2014	5	2721
12	2014	6	2864
12	2014	7	2805
12	2014	8	2510
12	2014	9	3405
12	2014	10	2799
12	2014	11	2248
12	2014	12	1669
13	2014	1	1405
13	2014	2	818
13	2014	3	1057
13	2014	4	1043
13	2014	5	1300
13	2014	6	599
13	2014	7	1252
13	2014	8	986
13	2014	9	1073
13	2014	10	1149
13	2014	11	879
13	2014	12	672
14	2014	1	280
14	2014	2	630
14	2014	3	482
14	2014	4	476
14	2014	5	663
14	2014	6	439
14	2014	7	561
14	2014	8	508
14	2014	9	603
14	2014	10	640
14	2014	11	528
14	2014	12	333
15	2014	1	6304
15	2014	2	9829
15	2014	3	7476
15	2014	4	10069
15	2014	5	9096
15	2014	6	8343
15	2014	7	10872
15	2014	8	8978
15	2014	9	12188
15	2014	10	10433
15	2014	11	8981
15	2014	12	5887
16	2014	1	907
16	2014	2	1032
16	2014	3	743
16	2014	4	770
16	2014	5	1029
16	2014	6	774
16	2014	7	1155
16	2014	8	989
16	2014	9	595
16	2014	10	871
16	2014	11	731
16	2014	12	416
17	2014	1	984
17	2014	2	1357
17	2014	3	1268
17	2014	4	1316
17	2014	5	1471
17	2014	6	1249
17	2014	7	1418
17	2014	8	1508
17	2014	9	1474
17	2014	10	1666
17	2014	11	1461
17	2014	12	1149
18	2014	1	1592
18	2014	2	1984
18	2014	3	1717
18	2014	4	1670
18	2014	5	2134
18	2014	6	1507
18	2014	7	2048
18	2014	8	2168
18	2014	9	2168
18	2014	10	2190
18	2014	11	2065
18	2014	12	1323
19	2014	1	469
19	2014	2	594
19	2014	3	520
19	2014	4	468
19	2014	5	476
19	2014	6	471
19	2014	7	729
19	2014	8	495
19	2014	9	572
19	2014	10	596
19	2014	11	538
19	2014	12	193
20	2014	1	263
20	2014	2	544
20	2014	3	418
20	2014	4	378
20	2014	5	639
20	2014	6	512
20	2014	7	551
20	2014	8	696
20	2014	9	793
20	2014	10	784
20	2014	11	652
20	2014	12	169
21	2014	1	513
21	2014	2	1079
21	2014	3	679
21	2014	4	632
21	2014	5	1095
21	2014	6	901
21	2014	7	892
21	2014	8	784
21	2014	9	655
21	2014	10	998
21	2014	11	979
21	2014	12	564
22	2014	1	484
22	2014	2	380
22	2014	3	925
22	2014	4	595
22	2014	5	628
22	2014	6	579
22	2014	7	536
22	2014	8	603
22	2014	9	784
22	2014	10	797
22	2014	11	625
22	2014	12	690
23	2014	1	877
23	2014	2	1335
23	2014	3	946
23	2014	4	798
23	2014	5	706
23	2014	6	697
23	2014	7	1299
23	2014	8	920
23	2014	9	968
23	2014	10	878
23	2014	11	801
23	2014	12	730
24	2014	1	658
24	2014	2	979
24	2014	3	928
24	2014	4	752
24	2014	5	1000
24	2014	6	797
24	2014	7	976
24	2014	8	755
24	2014	9	1022
24	2014	10	904
24	2014	11	857
24	2014	12	461
1	2015	1	4378
1	2015	2	6065
1	2015	3	8456
1	2015	4	5568
1	2015	5	7555
1	2015	6	7615
1	2015	7	7210
1	2015	8	6739
1	2015	9	7174
1	2015	10	7400
1	2015	11	6632
1	2015	12	5448
2	2015	1	12086
2	2015	2	12024
2	2015	3	15914
2	2015	4	11831
2	2015	5	13372
2	2015	6	12147
2	2015	7	8455
2	2015	8	10157
2	2015	9	10329
2	2015	10	11457
2	2015	11	10731
2	2015	12	6938
3	2015	1	4794
3	2015	2	7424
3	2015	3	9092
3	2015	4	7579
3	2015	5	8292
3	2015	6	7422
3	2015	7	6868
3	2015	8	7156
3	2015	9	8263
3	2015	10	8711
3	2015	11	9303
3	2015	12	6627
4	2015	1	3562
4	2015	2	4680
4	2015	3	8119
4	2015	4	6191
4	2015	5	7311
4	2015	6	6538
4	2015	7	6234
4	2015	8	5057
4	2015	9	6235
4	2015	10	7747
4	2015	11	8084
4	2015	12	6416
5	2015	1	3385
5	2015	2	3442
5	2015	3	4876
5	2015	4	4083
5	2015	5	4542
5	2015	6	3121
5	2015	7	2240
5	2015	8	2370
5	2015	9	3082
5	2015	10	4286
5	2015	11	5112
5	2015	12	3321
6	2015	1	1486
6	2015	2	1867
6	2015	3	2720
6	2015	4	2116
6	2015	5	2367
6	2015	6	2457
6	2015	7	2471
6	2015	8	1896
6	2015	9	2281
6	2015	10	2091
6	2015	11	2228
6	2015	12	1407
7	2015	1	852
7	2015	2	947
7	2015	3	949
7	2015	4	901
7	2015	5	1049
7	2015	6	1020
7	2015	7	808
7	2015	8	759
7	2015	9	947
7	2015	10	1151
7	2015	11	1120
7	2015	12	693
8	2015	1	857
8	2015	2	1308
8	2015	3	1655
8	2015	4	1411
8	2015	5	1521
8	2015	6	1665
8	2015	7	1612
8	2015	8	1364
8	2015	9	1693
8	2015	10	1371
8	2015	11	1514
8	2015	12	1060
9	2015	1	2670
9	2015	2	3911
9	2015	3	5663
9	2015	4	5340
9	2015	5	6087
9	2015	6	4929
9	2015	7	3775
9	2015	8	2697
9	2015	9	4650
9	2015	10	5703
9	2015	11	5453
9	2015	12	3027
10	2015	1	1052
10	2015	2	1490
10	2015	3	2232
10	2015	4	1723
10	2015	5	2090
10	2015	6	2183
10	2015	7	9744
10	2015	8	1097
10	2015	9	1149
10	2015	10	1928
10	2015	11	2104
10	2015	12	1048
11	2015	1	970
11	2015	2	946
11	2015	3	1229
11	2015	4	1008
11	2015	5	1281
11	2015	6	1168
11	2015	7	1197
11	2015	8	1363
11	2015	9	1684
11	2015	10	1280
11	2015	11	1331
11	2015	12	803
12	2015	1	1522
12	2015	2	1833
12	2015	3	2812
12	2015	4	2508
12	2015	5	2291
12	2015	6	2744
12	2015	7	2675
12	2015	8	2094
12	2015	9	2898
12	2015	10	2692
12	2015	11	2764
12	2015	12	1696
13	2015	1	837
13	2015	2	803
13	2015	3	1206
13	2015	4	979
13	2015	5	937
13	2015	6	858
13	2015	7	829
13	2015	8	994
13	2015	9	1194
13	2015	10	1134
13	2015	11	1025
13	2015	12	639
14	2015	1	390
14	2015	2	489
14	2015	3	777
14	2015	4	446
14	2015	5	747
14	2015	6	675
14	2015	7	826
14	2015	8	555
14	2015	9	1006
14	2015	10	725
14	2015	11	816
14	2015	12	482
15	2015	1	7129
15	2015	2	8881
15	2015	3	10745
15	2015	4	9058
15	2015	5	13282
15	2015	6	11214
15	2015	7	10937
15	2015	8	10021
15	2015	9	9209
15	2015	10	9758
15	2015	11	9376
15	2015	12	6637
16	2015	1	606
16	2015	2	723
16	2015	3	853
16	2015	4	678
16	2015	5	835
16	2015	6	1075
16	2015	7	480
16	2015	8	627
16	2015	9	1235
16	2015	10	859
16	2015	11	751
16	2015	12	438
17	2015	1	956
17	2015	2	1464
17	2015	3	1841
17	2015	4	1567
17	2015	5	1822
17	2015	6	1610
17	2015	7	1575
17	2015	8	626
17	2015	9	1716
17	2015	10	1862
17	2015	11	1961
17	2015	12	1207
18	2015	1	1476
18	2015	2	1530
18	2015	3	2128
18	2015	4	1835
18	2015	5	2184
18	2015	6	1640
18	2015	7	1549
18	2015	8	1858
18	2015	9	2427
18	2015	10	2284
18	2015	11	2102
18	2015	12	1513
19	2015	1	437
19	2015	2	398
19	2015	3	856
19	2015	4	451
19	2015	5	586
19	2015	6	475
19	2015	7	606
19	2015	8	489
19	2015	9	585
19	2015	10	629
19	2015	11	499
19	2015	12	325
20	2015	1	663
20	2015	2	810
20	2015	3	762
20	2015	4	649
20	2015	5	900
20	2015	6	551
20	2015	7	801
20	2015	8	847
20	2015	9	664
20	2015	10	982
20	2015	11	757
20	2015	12	512
21	2015	1	763
21	2015	2	1073
21	2015	3	1432
21	2015	4	1009
21	2015	5	1097
21	2015	6	1209
21	2015	7	722
21	2015	8	832
21	2015	9	816
21	2015	10	1041
21	2015	11	1045
21	2015	12	715
22	2015	1	599
22	2015	2	494
22	2015	3	1181
22	2015	4	711
22	2015	5	998
22	2015	6	728
22	2015	7	908
22	2015	8	1019
22	2015	9	939
22	2015	10	733
22	2015	11	828
22	2015	12	666
23	2015	1	705
23	2015	2	1046
23	2015	3	1080
23	2015	4	895
23	2015	5	987
23	2015	6	752
23	2015	7	1138
23	2015	8	1092
23	2015	9	1177
23	2015	10	896
23	2015	11	1073
23	2015	12	848
24	2015	1	775
24	2015	2	890
24	2015	3	874
24	2015	4	746
24	2015	5	1183
24	2015	6	993
24	2015	7	1061
24	2015	8	733
24	2015	9	840
24	2015	10	691
24	2015	11	993
24	2015	12	609
